# t y1 y2 
  0.0000000000000000E+00   1.0000000000000000E+00   1.0000000000000000E+00
  1.0000000000000000E-03   4.6337171466019000E-01   1.0000004937381823E+00
  2.0000000000000000E-03   2.1474329211973653E-01   9.9995779588434630E-01
  3.0000000000000001E-03   9.9549785797157037E-02   9.9989509011257172E-01
  4.0000000000000001E-03   4.6178798042610325E-02   9.9982311778744937E-01
  5.0000000000000001E-03   2.1451166245208580E-02   9.9974685555373144E-01
  6.0000000000000001E-03   9.9944567518108849E-03   9.9966860916979616E-01
  7.0000000000000001E-03   4.6863765958288991E-03   9.9958944692989093E-01
  8.0000000000000002E-03   2.2270541878934989E-03   9.9950986379145412E-01
  9.0000000000000011E-03   1.0876065467032578E-03   9.9943008907586339E-01
  1.0000000000000002E-02   5.5967787363306375E-04   9.9935022903108572E-01
  1.1000000000000003E-02   3.1507566301009062E-04   9.9927033288321809E-01
  1.2000000000000004E-02   2.0174310863748036E-04   9.9919042343922071E-01
  1.3000000000000005E-02   1.4922987384523303E-04   9.9911051126564654E-01
  1.4000000000000005E-02   1.2489519698649350E-04   9.9903060125787235E-01
  1.5000000000000006E-02   1.1361609459680030E-04   9.9895069568373018E-01
  1.6000000000000007E-02   1.0838584819726010E-04   9.9887079559366831E-01
  1.7000000000000008E-02   1.0595813286247135E-04   9.9879090147410143E-01
  1.8000000000000009E-02   1.0482887520307256E-04   9.9871101355011915E-01
  1.9000000000000010E-02   1.0430121423143101E-04   9.9863113192573472E-01
  2.0000000000000011E-02   1.0405228267457903E-04   9.9855125664886524E-01
  2.1000000000000012E-02   1.0393249127262247E-04   9.9847138774143662E-01
  2.2000000000000013E-02   1.0387253303347434E-04   9.9839152521333352E-01
  2.3000000000000013E-02   1.0384029677661325E-04   9.9831166906886182E-01
  2.4000000000000014E-02   1.0382090481809915E-04   9.9823181930974159E-01
  2.5000000000000015E-02   1.0380746423020491E-04   9.9815197593649618E-01
  2.6000000000000016E-02   1.0379678149242154E-04   9.9807213894909375E-01
  2.7000000000000017E-02   1.0378737668992524E-04   9.9799230834724528E-01
  2.8000000000000018E-02   1.0377856438155411E-04   9.9791248413054290E-01
  2.9000000000000019E-02   1.0377002695911688E-04   9.9783266629852363E-01
  3.0000000000000020E-02   1.0376161732670577E-04   9.9775285485069853E-01
  3.1000000000000021E-02   1.0375326714201373E-04   9.9767304978656746E-01
  3.2000000000000021E-02   1.0374494489122536E-04   9.9759325110562458E-01
  3.3000000000000022E-02   1.0373663594343646E-04   9.9751345880736142E-01
  3.4000000000000023E-02   1.0372833354977585E-04   9.9743367289126850E-01
  3.5000000000000024E-02   1.0372003453680773E-04   9.9735389335683600E-01
  3.6000000000000025E-02   1.0371173740385399E-04   9.9727412020355333E-01
  3.7000000000000026E-02   1.0370344152312720E-04   9.9719435343091034E-01
  3.8000000000000027E-02   1.0369514664630116E-04   9.9711459303839700E-01
  3.9000000000000028E-02   1.0368685267042622E-04   9.9703483902550272E-01
  4.0000000000000029E-02   1.0367855926292303E-04   9.9695509139171734E-01
  4.1000000000000029E-02   1.0367026637828683E-04   9.9687535013653061E-01
  4.2000000000000030E-02   1.0366197420089592E-04   9.9679561525943239E-01
  4.3000000000000031E-02   1.0365368281946356E-04   9.9671588675991241E-01
  4.4000000000000032E-02   1.0364539217785615E-04   9.9663616463746063E-01
  4.5000000000000033E-02   1.0363710221807801E-04   9.9655644889156714E-01
  4.6000000000000034E-02   1.0362881279593152E-04   9.9647673952172167E-01
  4.7000000000000035E-02   1.0362052395366012E-04   9.9639703652741440E-01
  4.8000000000000036E-02   1.0361223582659620E-04   9.9631733990813531E-01
  4.9000000000000037E-02   1.0360394843898558E-04   9.9623764966337447E-01
  5.0000000000000037E-02   1.0359566172990789E-04   9.9615796579262195E-01
  5.1000000000000038E-02   1.0358737565384276E-04   9.9607828829536826E-01
  5.2000000000000039E-02   1.0357909021680307E-04   9.9599861717110327E-01
  5.3000000000000040E-02   1.0357080544541601E-04   9.9591895241931727E-01
  5.4000000000000041E-02   1.0356252132265568E-04   9.9583929403950067E-01
  5.5000000000000042E-02   1.0355423789063742E-04   9.9575964203114375E-01
  5.6000000000000043E-02   1.0354595511345766E-04   9.9567999639373694E-01
  5.7000000000000044E-02   1.0353767302588898E-04   9.9560035712677053E-01
  5.8000000000000045E-02   1.0352939159883748E-04   9.9552072422973514E-01
  5.9000000000000045E-02   1.0352111083911023E-04   9.9544109770212108E-01
  6.0000000000000046E-02   1.0351283073665726E-04   9.9536147754341919E-01
  6.1000000000000047E-02   1.0350455129354089E-04   9.9528186375312000E-01
  6.2000000000000048E-02   1.0349627251183744E-04   9.9520225633071402E-01
  6.3000000000000042E-02   1.0348799438361067E-04   9.9512265527569199E-01
  6.4000000000000043E-02   1.0347971691612324E-04   9.9504306058754455E-01
  6.5000000000000044E-02   1.0347144011059151E-04   9.9496347226576265E-01
  6.6000000000000045E-02   1.0346316396394704E-04   9.9488389030983682E-01
  6.7000000000000046E-02   1.0345488847937575E-04   9.9480431471925801E-01
  6.8000000000000047E-02   1.0344661365747001E-04   9.9472474549351708E-01
  6.9000000000000047E-02   1.0343833949899723E-04   9.9464518263210477E-01
  7.0000000000000048E-02   1.0343006599952551E-04   9.9456562613451227E-01
  7.1000000000000049E-02   1.0342179316200783E-04   9.9448607600023042E-01
  7.2000000000000050E-02   1.0341352098727485E-04   9.9440653222874997E-01
  7.3000000000000051E-02   1.0340524947604245E-04   9.9432699481956188E-01
  7.4000000000000052E-02   1.0339697862902653E-04   9.9424746377215700E-01
  7.5000000000000053E-02   1.0338870844554726E-04   9.9416793908602674E-01
  7.6000000000000054E-02   1.0338043891935029E-04   9.9408842076066506E-01
  7.7000000000000055E-02   1.0337217005510089E-04   9.9400890879556092E-01
  7.8000000000000055E-02   1.0336390185288143E-04   9.9392940319020573E-01
  7.9000000000000056E-02   1.0335563431277433E-04   9.9384990394409045E-01
  8.0000000000000057E-02   1.0334736743486199E-04   9.9377041105670627E-01
  8.1000000000000058E-02   1.0333910121825785E-04   9.9369092452754526E-01
  8.2000000000000059E-02   1.0333083566171822E-04   9.9361144435609960E-01
  8.3000000000000060E-02   1.0332257076622676E-04   9.9353197054185982E-01
  8.4000000000000061E-02   1.0331430653167196E-04   9.9345250308431710E-01
  8.5000000000000062E-02   1.0330604295794231E-04   9.9337304198296272E-01
  8.6000000000000063E-02   1.0329778004492634E-04   9.9329358723728822E-01
  8.7000000000000063E-02   1.0328951779282894E-04   9.9321413884678655E-01
  8.8000000000000064E-02   1.0328125620162247E-04   9.9313469681094957E-01
  8.9000000000000065E-02   1.0327299527108511E-04   9.9305526112926790E-01
  9.0000000000000066E-02   1.0326473500114449E-04   9.9297583180123317E-01
  9.1000000000000067E-02   1.0325647539172829E-04   9.9289640882633701E-01
  9.2000000000000068E-02   1.0324821644276415E-04   9.9281699220407071E-01
  9.3000000000000069E-02   1.0323995815467456E-04   9.9273758193393169E-01
  9.4000000000000070E-02   1.0323170052718662E-04   9.9265817801540890E-01
  9.5000000000000070E-02   1.0322344356016346E-04   9.9257878044799341E-01
  9.6000000000000071E-02   1.0321518725354747E-04   9.9249938923117675E-01
  9.7000000000000072E-02   1.0320693160728101E-04   9.9242000436445077E-01
  9.8000000000000073E-02   1.0319867662130645E-04   9.9234062584730720E-01
  9.9000000000000074E-02   1.0319042229556617E-04   9.9226125367923756E-01
  1.0000000000000007E-01   1.0318216863000253E-04   9.9218188785973371E-01
  1.0100000000000008E-01   1.0317391562455790E-04   9.9210252838828739E-01
  1.0200000000000008E-01   1.0316566327923426E-04   9.9202317526439376E-01
  1.0300000000000008E-01   1.0315741159408194E-04   9.9194382848755114E-01
  1.0400000000000008E-01   1.0314916056893990E-04   9.9186448805724492E-01
  1.0500000000000008E-01   1.0314091020375643E-04   9.9178515397296729E-01
  1.0600000000000008E-01   1.0313266049847986E-04   9.9170582623421022E-01
  1.0700000000000008E-01   1.0312441145305843E-04   9.9162650484046577E-01
  1.0800000000000008E-01   1.0311616306744047E-04   9.9154718979122614E-01
  1.0900000000000008E-01   1.0310791534157425E-04   9.9146788108598316E-01
  1.1000000000000008E-01   1.0309966827540808E-04   9.9138857872422914E-01
  1.1100000000000008E-01   1.0309142186889024E-04   9.9130928270545593E-01
  1.1200000000000009E-01   1.0308317612194980E-04   9.9122999302916670E-01
  1.1300000000000009E-01   1.0307493103454281E-04   9.9115070969484909E-01
  1.1400000000000009E-01   1.0306668660662102E-04   9.9107143270199316E-01
  1.1500000000000009E-01   1.0305844283813204E-04   9.9099216205009144E-01
  1.1600000000000009E-01   1.0305019972902342E-04   9.9091289773863622E-01
  1.1700000000000009E-01   1.0304195727924278E-04   9.9083363976712013E-01
  1.1800000000000009E-01   1.0303371548873769E-04   9.9075438813503558E-01
  1.1900000000000009E-01   1.0302547435745574E-04   9.9067514284187497E-01
  1.2000000000000009E-01   1.0301723388534450E-04   9.9059590388713092E-01
  1.2100000000000009E-01   1.0300899407234670E-04   9.9051667127029930E-01
  1.2200000000000009E-01   1.0300075491839841E-04   9.9043744499088093E-01
  1.2300000000000010E-01   1.0299251642345754E-04   9.9035822504836080E-01
  1.2400000000000010E-01   1.0298427858747113E-04   9.9027901144223174E-01
  1.2500000000000008E-01   1.0297604141038619E-04   9.9019980417198672E-01
  1.2600000000000008E-01   1.0296780489214976E-04   9.9012060323711848E-01
  1.2700000000000009E-01   1.0295956903270885E-04   9.9004140863711998E-01
  1.2800000000000009E-01   1.0295133383201049E-04   9.8996222037148407E-01
  1.2900000000000009E-01   1.0294309929000172E-04   9.8988303843970371E-01
  1.3000000000000009E-01   1.0293486540662955E-04   9.8980386284127164E-01
  1.3100000000000009E-01   1.0292663218184693E-04   9.8972469357569504E-01
  1.3200000000000009E-01   1.0291839961559895E-04   9.8964553064246208E-01
  1.3300000000000009E-01   1.0291016770783119E-04   9.8956637404106229E-01
  1.3400000000000009E-01   1.0290193645849091E-04   9.8948722377098897E-01
  1.3500000000000009E-01   1.0289370586752532E-04   9.8940807983173551E-01
  1.3600000000000009E-01   1.0288547593488169E-04   9.8932894222279533E-01
  1.3700000000000009E-01   1.0287724666050723E-04   9.8924981094366182E-01
  1.3800000000000009E-01   1.0286901804434917E-04   9.8917068599382829E-01
  1.3900000000000010E-01   1.0286079008635475E-04   9.8909156737278814E-01
  1.4000000000000010E-01   1.0285256278647119E-04   9.8901245508003466E-01
  1.4100000000000010E-01   1.0284433614464572E-04   9.8893334911506126E-01
  1.4200000000000010E-01   1.0283611016082556E-04   9.8885424947736134E-01
  1.4300000000000010E-01   1.0282788483495795E-04   9.8877515616642819E-01
  1.4400000000000010E-01   1.0281966016699008E-04   9.8869606918175512E-01
  1.4500000000000010E-01   1.0281143615686918E-04   9.8861698852283553E-01
  1.4600000000000010E-01   1.0280321280454247E-04   9.8853791418916270E-01
  1.4700000000000010E-01   1.0279499010995718E-04   9.8845884618023006E-01
  1.4800000000000010E-01   1.0278676807306546E-04   9.8837978449554764E-01
  1.4900000000000010E-01   1.0277854669381599E-04   9.8830072913461386E-01
  1.5000000000000011E-01   1.0277032597215187E-04   9.8822168009690792E-01
  1.5100000000000011E-01   1.0276210590802050E-04   9.8814263738192398E-01
  1.5200000000000011E-01   1.0275388650136933E-04   9.8806360098915602E-01
  1.5300000000000011E-01   1.0274566775214575E-04   9.8798457091809799E-01
  1.5400000000000011E-01   1.0273744966029720E-04   9.8790554716824408E-01
  1.5500000000000011E-01   1.0272923222577111E-04   9.8782652973908835E-01
  1.5600000000000011E-01   1.0272101544851493E-04   9.8774751863012489E-01
  1.5700000000000011E-01   1.0271279932847608E-04   9.8766851384084775E-01
  1.5800000000000011E-01   1.0270458386560201E-04   9.8758951537075113E-01
  1.5900000000000011E-01   1.0269636905984018E-04   9.8751052321932919E-01
  1.6000000000000011E-01   1.0268815491113804E-04   9.8743153738607614E-01
  1.6100000000000012E-01   1.0267994141944305E-04   9.8735255787048604E-01
  1.6200000000000012E-01   1.0267172858470268E-04   9.8727358467205317E-01
  1.6300000000000012E-01   1.0266351640686440E-04   9.8719461779027173E-01
  1.6400000000000012E-01   1.0265530488587567E-04   9.8711565722463601E-01
  1.6500000000000012E-01   1.0264709402168374E-04   9.8703670297464685E-01
  1.6600000000000012E-01   1.0263888381423557E-04   9.8695775503981353E-01
  1.6700000000000012E-01   1.0263067426347920E-04   9.8687881341961459E-01
  1.6800000000000012E-01   1.0262246536936211E-04   9.8679987811354475E-01
  1.6900000000000012E-01   1.0261425713183178E-04   9.8672094912109898E-01
  1.7000000000000012E-01   1.0260604955083568E-04   9.8664202644177212E-01
  1.7100000000000012E-01   1.0259784262632132E-04   9.8656311007505904E-01
  1.7200000000000013E-01   1.0258963635823618E-04   9.8648420002045478E-01
  1.7300000000000013E-01   1.0258143074652775E-04   9.8640529627745444E-01
  1.7400000000000013E-01   1.0257322579114354E-04   9.8632639884555307E-01
  1.7500000000000013E-01   1.0256502149203102E-04   9.8624750772424563E-01
  1.7600000000000013E-01   1.0255681784913774E-04   9.8616862291302732E-01
  1.7700000000000013E-01   1.0254861486241120E-04   9.8608974441139330E-01
  1.7800000000000013E-01   1.0254041253179889E-04   9.8601087221883887E-01
  1.7900000000000013E-01   1.0253221085724836E-04   9.8593200633485911E-01
  1.8000000000000013E-01   1.0252400983870712E-04   9.8585314675894931E-01
  1.8100000000000013E-01   1.0251580947612268E-04   9.8577429349060497E-01
  1.8200000000000013E-01   1.0250760976944246E-04   9.8569544652932140E-01
  1.8300000000000013E-01   1.0249941071860700E-04   9.8561660587460287E-01
  1.8400000000000014E-01   1.0249121232356947E-04   9.8553777152593758E-01
  1.8500000000000014E-01   1.0248301458427723E-04   9.8545894348282137E-01
  1.8600000000000014E-01   1.0247481750067770E-04   9.8538012174474987E-01
  1.8700000000000014E-01   1.0246662107271830E-04   9.8530130631121882E-01
  1.8800000000000014E-01   1.0245842530034640E-04   9.8522249718172394E-01
  1.8900000000000014E-01   1.0245023018350943E-04   9.8514369435576099E-01
  1.9000000000000014E-01   1.0244203572215476E-04   9.8506489783282591E-01
  1.9100000000000014E-01   1.0243384191622981E-04   9.8498610761241456E-01
  1.9200000000000014E-01   1.0242564876568197E-04   9.8490732369402278E-01
  1.9300000000000014E-01   1.0241745627045864E-04   9.8482854607714676E-01
  1.9400000000000014E-01   1.0240926443050720E-04   9.8474977476128234E-01
  1.9500000000000015E-01   1.0240107324577507E-04   9.8467100974592559E-01
  1.9600000000000015E-01   1.0239288271620962E-04   9.8459225103057268E-01
  1.9700000000000015E-01   1.0238469284175826E-04   9.8451349861471982E-01
  1.9800000000000015E-01   1.0237650362236836E-04   9.8443475249786305E-01
  1.9900000000000015E-01   1.0236831505798734E-04   9.8435601267949879E-01
  2.0000000000000015E-01   1.0236012714858858E-04   9.8427727915912200E-01
  2.0100000000000015E-01   1.0235193989410713E-04   9.8419855193622963E-01
  2.0200000000000015E-01   1.0234375329448440E-04   9.8411983101031830E-01
  2.0300000000000015E-01   1.0233556734966845E-04   9.8404111638088432E-01
  2.0400000000000015E-01   1.0232738205960736E-04   9.8396240804742430E-01
  2.0500000000000015E-01   1.0231919742424925E-04   9.8388370600943453E-01
  2.0600000000000016E-01   1.0231101344354224E-04   9.8380501026641154E-01
  2.0700000000000016E-01   1.0230283011743448E-04   9.8372632081785194E-01
  2.0800000000000016E-01   1.0229464744587416E-04   9.8364763766325225E-01
  2.0900000000000016E-01   1.0228646542880947E-04   9.8356896080210920E-01
  2.1000000000000016E-01   1.0227828406618862E-04   9.8349029023391932E-01
  2.1100000000000016E-01   1.0227010335795988E-04   9.8341162595817944E-01
  2.1200000000000016E-01   1.0226192330407152E-04   9.8333296797438630E-01
  2.1300000000000016E-01   1.0225374390447181E-04   9.8325431628203674E-01
  2.1400000000000016E-01   1.0224556515910908E-04   9.8317567088062741E-01
  2.1500000000000016E-01   1.0223738706793165E-04   9.8309703176965535E-01
  2.1600000000000016E-01   1.0222920963088791E-04   9.8301839894861753E-01
  2.1700000000000016E-01   1.0222103284789528E-04   9.8293977241700936E-01
  2.1800000000000017E-01   1.0221285671889670E-04   9.8286115217432757E-01
  2.1900000000000017E-01   1.0220468124386363E-04   9.8278253822007033E-01
  2.2000000000000017E-01   1.0219650642274336E-04   9.8270393055373473E-01
  2.2100000000000017E-01   1.0218833225548310E-04   9.8262532917481771E-01
  2.2200000000000017E-01   1.0218015874203009E-04   9.8254673408281656E-01
  2.2300000000000017E-01   1.0217198588233152E-04   9.8246814527722837E-01
  2.2400000000000017E-01   1.0216381367633461E-04   9.8238956275755029E-01
  2.2500000000000017E-01   1.0215564212398647E-04   9.8231098652327964E-01
  2.2600000000000017E-01   1.0214747122523430E-04   9.8223241657391369E-01
  2.2700000000000017E-01   1.0213930098002518E-04   9.8215385290894963E-01
  2.2800000000000017E-01   1.0213113138830624E-04   9.8207529552788497E-01
  2.2900000000000018E-01   1.0212296245002455E-04   9.8199674443021701E-01
  2.3000000000000018E-01   1.0211479416512719E-04   9.8191819961544313E-01
  2.3100000000000018E-01   1.0210662653356121E-04   9.8183966108306098E-01
  2.3200000000000018E-01   1.0209845955527362E-04   9.8176112883256805E-01
  2.3300000000000018E-01   1.0209029323021144E-04   9.8168260286346176E-01
  2.3400000000000018E-01   1.0208212755833441E-04   9.8160408317523951E-01
  2.3500000000000018E-01   1.0207396253961409E-04   9.8152556976739869E-01
  2.3600000000000018E-01   1.0206579817397027E-04   9.8144706263943726E-01
  2.3700000000000018E-01   1.0205763446135082E-04   9.8136856179085297E-01
  2.3800000000000018E-01   1.0204947140170359E-04   9.8129006722114365E-01
  2.3900000000000018E-01   1.0204130899497645E-04   9.8121157892980693E-01
  2.4000000000000019E-01   1.0203314724111729E-04   9.8113309691634065E-01
  2.4100000000000019E-01   1.0202498614007403E-04   9.8105462118024278E-01
  2.4200000000000019E-01   1.0201682569179458E-04   9.8097615172101116E-01
  2.4300000000000019E-01   1.0200866589622685E-04   9.8089768853814374E-01
  2.4400000000000019E-01   1.0200050675331879E-04   9.8081923163113849E-01
  2.4500000000000019E-01   1.0199234826301838E-04   9.8074078099949336E-01
  2.4600000000000019E-01   1.0198419042527356E-04   9.8066233664270641E-01
  2.4700000000000019E-01   1.0197603324003234E-04   9.8058389856027595E-01
  2.4800000000000019E-01   1.0196787670724269E-04   9.8050546675169981E-01
  2.4900000000000019E-01   1.0195972082685264E-04   9.8042704121647639E-01
  2.5000000000000017E-01   1.0195156559881021E-04   9.8034862195410377E-01
  2.5100000000000017E-01   1.0194341102306286E-04   9.8027020896408035E-01
  2.5200000000000017E-01   1.0193525709954609E-04   9.8019180224590530E-01
  2.5300000000000017E-01   1.0192710382821874E-04   9.8011340179907613E-01
  2.5400000000000017E-01   1.0191895120902878E-04   9.8003500762309126E-01
  2.5500000000000017E-01   1.0191079924192414E-04   9.7995661971744918E-01
  2.5600000000000017E-01   1.0190264792685278E-04   9.7987823808164820E-01
  2.5700000000000017E-01   1.0189449726376272E-04   9.7979986271518682E-01
  2.5800000000000017E-01   1.0188634725260192E-04   9.7972149361756367E-01
  2.5900000000000017E-01   1.0187819789331842E-04   9.7964313078827736E-01
  2.6000000000000018E-01   1.0187004918586020E-04   9.7956477422682642E-01
  2.6100000000000018E-01   1.0186190113017533E-04   9.7948642393270957E-01
  2.6200000000000018E-01   1.0185375372621183E-04   9.7940807990542544E-01
  2.6300000000000018E-01   1.0184560697391778E-04   9.7932974214447288E-01
  2.6400000000000018E-01   1.0183746087324124E-04   9.7925141064935051E-01
  2.6500000000000018E-01   1.0182931542413030E-04   9.7917308541955728E-01
  2.6600000000000018E-01   1.0182117062653306E-04   9.7909476645459192E-01
  2.6700000000000018E-01   1.0181302648039762E-04   9.7901645375395341E-01
  2.6800000000000018E-01   1.0180488298567212E-04   9.7893814731714079E-01
  2.6900000000000018E-01   1.0179674014230468E-04   9.7885984714365282E-01
  2.7000000000000018E-01   1.0178859795024346E-04   9.7878155323298854E-01
  2.7100000000000019E-01   1.0178045640943662E-04   9.7870326558464715E-01
  2.7200000000000019E-01   1.0177231551983233E-04   9.7862498419812760E-01
  2.7300000000000019E-01   1.0176417528137879E-04   9.7854670907292918E-01
  2.7400000000000019E-01   1.0175603569402420E-04   9.7846844020855084E-01
  2.7500000000000019E-01   1.0174789675771676E-04   9.7839017760449198E-01
  2.7600000000000019E-01   1.0173975847240471E-04   9.7831192126025168E-01
  2.7700000000000019E-01   1.0173162083803629E-04   9.7823367117532944E-01
  2.7800000000000019E-01   1.0172348385455549E-04   9.7815542734922467E-01
  2.7900000000000019E-01   1.0171534752187916E-04   9.7807718978143854E-01
  2.8000000000000019E-01   1.0170721183998581E-04   9.7799895847146867E-01
  2.8100000000000019E-01   1.0169907680882341E-04   9.7792073341881458E-01
  2.8200000000000019E-01   1.0169094242833994E-04   9.7784251462297589E-01
  2.8300000000000020E-01   1.0168280869848336E-04   9.7776430208345211E-01
  2.8400000000000020E-01   1.0167467561920169E-04   9.7768609579974264E-01
  2.8500000000000020E-01   1.0166654319044290E-04   9.7760789577134732E-01
  2.8600000000000020E-01   1.0165841141215499E-04   9.7752970199776568E-01
  2.8700000000000020E-01   1.0165028028428596E-04   9.7745151447849754E-01
  2.8800000000000020E-01   1.0164214980678384E-04   9.7737333321304254E-01
  2.8900000000000020E-01   1.0163401997959663E-04   9.7729515820090052E-01
  2.9000000000000020E-01   1.0162589080267234E-04   9.7721698944157120E-01
  2.9100000000000020E-01   1.0161776227595903E-04   9.7713882693455456E-01
  2.9200000000000020E-01   1.0160963439940471E-04   9.7706067067935054E-01
  2.9300000000000020E-01   1.0160150717295742E-04   9.7698252067545899E-01
  2.9400000000000021E-01   1.0159338059656521E-04   9.7690437692237986E-01
  2.9500000000000021E-01   1.0158525467017613E-04   9.7682623941961333E-01
  2.9600000000000021E-01   1.0157712939373824E-04   9.7674810816665925E-01
  2.9700000000000021E-01   1.0156900476719960E-04   9.7666998316301790E-01
  2.9800000000000021E-01   1.0156088079050827E-04   9.7659186440818935E-01
  2.9900000000000021E-01   1.0155275746361235E-04   9.7651375190167367E-01
  3.0000000000000021E-01   1.0154463478645989E-04   9.7643564564297136E-01
  3.0100000000000021E-01   1.0153651275899898E-04   9.7635754563158239E-01
  3.0200000000000021E-01   1.0152839138117773E-04   9.7627945186700726E-01
  3.0300000000000021E-01   1.0152027065294422E-04   9.7620136434874627E-01
  3.0400000000000021E-01   1.0151215057424657E-04   9.7612328307629970E-01
  3.0500000000000022E-01   1.0150403114503129E-04   9.7604520804916817E-01
  3.0600000000000022E-01   1.0149591236524042E-04   9.7596713926685297E-01
  3.0700000000000022E-01   1.0148779423482850E-04   9.7588907672885383E-01
  3.0800000000000022E-01   1.0147967675374360E-04   9.7581102043467127E-01
  3.0900000000000022E-01   1.0147155992193376E-04   9.7573297038380591E-01
  3.1000000000000022E-01   1.0146344373934707E-04   9.7565492657575825E-01
  3.1100000000000022E-01   1.0145532820593157E-04   9.7557688901002904E-01
  3.1200000000000022E-01   1.0144721332163535E-04   9.7549885768611910E-01
  3.1300000000000022E-01   1.0143909908640647E-04   9.7542083260352896E-01
  3.1400000000000022E-01   1.0143098550019300E-04   9.7534281376175969E-01
  3.1500000000000022E-01   1.0142287256294306E-04   9.7526480116031178E-01
  3.1600000000000023E-01   1.0141476027460469E-04   9.7518679479868642E-01
  3.1700000000000023E-01   1.0140664863512602E-04   9.7510879467638423E-01
  3.1800000000000023E-01   1.0139853764445513E-04   9.7503080079290638E-01
  3.1900000000000023E-01   1.0139042730254010E-04   9.7495281314775384E-01
  3.2000000000000023E-01   1.0138231760932907E-04   9.7487483174042744E-01
  3.2100000000000023E-01   1.0137420856477010E-04   9.7479685657042847E-01
  3.2200000000000023E-01   1.0136610016881135E-04   9.7471888763725800E-01
  3.2300000000000023E-01   1.0135799242140090E-04   9.7464092494041710E-01
  3.2400000000000023E-01   1.0134988532248689E-04   9.7456296847940704E-01
  3.2500000000000023E-01   1.0134177887201744E-04   9.7448501825372902E-01
  3.2600000000000023E-01   1.0133367306994067E-04   9.7440707426288420E-01
  3.2700000000000023E-01   1.0132556791620471E-04   9.7432913650637409E-01
  3.2800000000000024E-01   1.0131746341075772E-04   9.7425120498369988E-01
  3.2900000000000024E-01   1.0130935955354780E-04   9.7417327969436307E-01
  3.3000000000000024E-01   1.0130125634452313E-04   9.7409536063786506E-01
  3.3100000000000024E-01   1.0129315378363183E-04   9.7401744781370725E-01
  3.3200000000000024E-01   1.0128505187082323E-04   9.7393954122139115E-01
  3.3300000000000024E-01   1.0127695060604814E-04   9.7386164086041838E-01
  3.3400000000000024E-01   1.0126884998925156E-04   9.7378374673029056E-01
  3.3500000000000024E-01   1.0126075002038169E-04   9.7370585883050920E-01
  3.3600000000000024E-01   1.0125265069938675E-04   9.7362797716057603E-01
  3.3700000000000024E-01   1.0124455202621495E-04   9.7355010171999279E-01
  3.3800000000000024E-01   1.0123645400081450E-04   9.7347223250826120E-01
  3.3900000000000025E-01   1.0122835662313363E-04   9.7339436952488312E-01
  3.4000000000000025E-01   1.0122025989312057E-04   9.7331651276936026E-01
  3.4100000000000025E-01   1.0121216381072355E-04   9.7323866224119449E-01
  3.4200000000000025E-01   1.0120406837589081E-04   9.7316081793988785E-01
  3.4300000000000025E-01   1.0119597358857060E-04   9.7308297986494219E-01
  3.4400000000000025E-01   1.0118787944871115E-04   9.7300514801585958E-01
  3.4500000000000025E-01   1.0117978595626073E-04   9.7292732239214197E-01
  3.4600000000000025E-01   1.0117169311116759E-04   9.7284950299329154E-01
  3.4700000000000025E-01   1.0116360091338000E-04   9.7277168981881024E-01
  3.4800000000000025E-01   1.0115550936284623E-04   9.7269388286820024E-01
  3.4900000000000025E-01   1.0114741845951456E-04   9.7261608214096396E-01
  3.5000000000000026E-01   1.0113932820333324E-04   9.7253828763660333E-01
  3.5100000000000026E-01   1.0113123859425058E-04   9.7246049935462076E-01
  3.5200000000000026E-01   1.0112314963221485E-04   9.7238271729451864E-01
  3.5300000000000026E-01   1.0111506131717437E-04   9.7230494145579915E-01
  3.5400000000000026E-01   1.0110697364907742E-04   9.7222717183796481E-01
  3.5500000000000026E-01   1.0109888662787230E-04   9.7214940844051800E-01
  3.5600000000000026E-01   1.0109080025350734E-04   9.7207165126296124E-01
  3.5700000000000026E-01   1.0108271452593082E-04   9.7199390030479704E-01
  3.5800000000000026E-01   1.0107462944509109E-04   9.7191615556552780E-01
  3.5900000000000026E-01   1.0106654501092976E-04   9.7183841704465523E-01
  3.6000000000000026E-01   1.0105846122338620E-04   9.7176068474168076E-01
  3.6100000000000027E-01   1.0105037808242214E-04   9.7168295865610887E-01
  3.6200000000000027E-01   1.0104229558798582E-04   9.7160523878744232E-01
  3.6300000000000027E-01   1.0103421374002551E-04   9.7152752513518392E-01
  3.6400000000000027E-01   1.0102613253848952E-04   9.7144981769883632E-01
  3.6500000000000027E-01   1.0101805198332612E-04   9.7137211647790234E-01
  3.6600000000000027E-01   1.0100997207448361E-04   9.7129442147188494E-01
  3.6700000000000027E-01   1.0100189281191026E-04   9.7121673268028696E-01
  3.6800000000000027E-01   1.0099381419555443E-04   9.7113905010261148E-01
  3.6900000000000027E-01   1.0098573622536437E-04   9.7106137373836121E-01
  3.7000000000000027E-01   1.0097765890128845E-04   9.7098370358703945E-01
  3.7100000000000027E-01   1.0096958222327496E-04   9.7090603964814914E-01
  3.7200000000000027E-01   1.0096150619127223E-04   9.7082838192119325E-01
  3.7300000000000028E-01   1.0095343080522862E-04   9.7075073040567517E-01
  3.7400000000000028E-01   1.0094535606509243E-04   9.7067308510109795E-01
  3.7500000000000028E-01   1.0093728197081203E-04   9.7059544600696490E-01
  3.7600000000000028E-01   1.0092920852233576E-04   9.7051781312277907E-01
  3.7700000000000028E-01   1.0092113571961199E-04   9.7044018644804397E-01
  3.7800000000000028E-01   1.0091306356258906E-04   9.7036256598226300E-01
  3.7900000000000028E-01   1.0090499205121537E-04   9.7028495172493934E-01
  3.8000000000000028E-01   1.0089692118543925E-04   9.7020734367557648E-01
  3.8100000000000028E-01   1.0088885096520913E-04   9.7012974183367795E-01
  3.8200000000000028E-01   1.0088078139047336E-04   9.7005214619874713E-01
  3.8300000000000028E-01   1.0087271246118035E-04   9.6997455677028777E-01
  3.8400000000000029E-01   1.0086464417727848E-04   9.6989697354780324E-01
  3.8500000000000029E-01   1.0085657653871617E-04   9.6981939653079730E-01
  3.8600000000000029E-01   1.0084850954544180E-04   9.6974182571877354E-01
  3.8700000000000029E-01   1.0084044319740383E-04   9.6966426111123571E-01
  3.8800000000000029E-01   1.0083237749455063E-04   9.6958670270768754E-01
  3.8900000000000029E-01   1.0082431243683066E-04   9.6950915050763276E-01
  3.9000000000000029E-01   1.0081624802419235E-04   9.6943160451057531E-01
  3.9100000000000029E-01   1.0080818425658413E-04   9.6935406471601904E-01
  3.9200000000000029E-01   1.0080012113395443E-04   9.6927653112346779E-01
  3.9300000000000029E-01   1.0079205865625171E-04   9.6919900373242551E-01
  3.9400000000000029E-01   1.0078399682342442E-04   9.6912148254239627E-01
  3.9500000000000030E-01   1.0077593563542104E-04   9.6904396755288391E-01
  3.9600000000000030E-01   1.0076787509219000E-04   9.6896645876339271E-01
  3.9700000000000030E-01   1.0075981519367980E-04   9.6888895617342663E-01
  3.9800000000000030E-01   1.0075175593983892E-04   9.6881145978248995E-01
  3.9900000000000030E-01   1.0074369733061583E-04   9.6873396959008673E-01
  4.0000000000000030E-01   1.0073563936595901E-04   9.6865648559572126E-01
  4.0100000000000030E-01   1.0072758204581698E-04   9.6857900779889772E-01
  4.0200000000000030E-01   1.0071952537013822E-04   9.6850153619912061E-01
  4.0300000000000030E-01   1.0071146933887125E-04   9.6842407079589410E-01
  4.0400000000000030E-01   1.0070341395196457E-04   9.6834661158872271E-01
  4.0500000000000030E-01   1.0069535920936670E-04   9.6826915857711071E-01
  4.0600000000000031E-01   1.0068730511102617E-04   9.6819171176056262E-01
  4.0700000000000031E-01   1.0067925165689151E-04   9.6811427113858306E-01
  4.0800000000000031E-01   1.0067119884691125E-04   9.6803683671067653E-01
  4.0900000000000031E-01   1.0066314668103393E-04   9.6795940847634754E-01
  4.1000000000000031E-01   1.0065509515920810E-04   9.6788198643510071E-01
  4.1100000000000031E-01   1.0064704428138231E-04   9.6780457058644087E-01
  4.1200000000000031E-01   1.0063899404750512E-04   9.6772716092987254E-01
  4.1300000000000031E-01   1.0063094445752510E-04   9.6764975746490056E-01
  4.1400000000000031E-01   1.0062289551139080E-04   9.6757236019102977E-01
  4.1500000000000031E-01   1.0061484720905082E-04   9.6749496910776500E-01
  4.1600000000000031E-01   1.0060679955045372E-04   9.6741758421461099E-01
  4.1700000000000031E-01   1.0059875253554809E-04   9.6734020551107269E-01
  4.1800000000000032E-01   1.0059070616428254E-04   9.6726283299665505E-01
  4.1900000000000032E-01   1.0058266043660565E-04   9.6718546667086325E-01
  4.2000000000000032E-01   1.0057461535246603E-04   9.6710810653320201E-01
  4.2100000000000032E-01   1.0056657091181230E-04   9.6703075258317661E-01
  4.2200000000000032E-01   1.0055852711459307E-04   9.6695340482029213E-01
  4.2300000000000032E-01   1.0055048396073957E-04   9.6687606324404674E-01
  4.2400000000000032E-01   1.0054244145021513E-04   9.6679872785395160E-01
  4.2500000000000032E-01   1.0053439958296951E-04   9.6672139864951234E-01
  4.2600000000000032E-01   1.0052635835895126E-04   9.6664407563023413E-01
  4.2700000000000032E-01   1.0051831777810898E-04   9.6656675879562226E-01
  4.2800000000000032E-01   1.0051027784039126E-04   9.6648944814518212E-01
  4.2900000000000033E-01   1.0050223854574669E-04   9.6641214367841910E-01
  4.3000000000000033E-01   1.0049419989412385E-04   9.6633484539483849E-01
  4.3100000000000033E-01   1.0048616188547138E-04   9.6625755329394591E-01
  4.3200000000000033E-01   1.0047812451973783E-04   9.6618026737524665E-01
  4.3300000000000033E-01   1.0047008779687186E-04   9.6610298763824631E-01
  4.3400000000000033E-01   1.0046205171682206E-04   9.6602571408245053E-01
  4.3500000000000033E-01   1.0045401627953706E-04   9.6594844670736479E-01
  4.3600000000000033E-01   1.0044598148496548E-04   9.6587118551249485E-01
  4.3700000000000033E-01   1.0043794733305595E-04   9.6579393049734641E-01
  4.3800000000000033E-01   1.0042991382375711E-04   9.6571668166142499E-01
  4.3900000000000033E-01   1.0042188095701759E-04   9.6563943900423654E-01
  4.4000000000000034E-01   1.0041384873278604E-04   9.6556220252528691E-01
  4.4100000000000034E-01   1.0040581715101111E-04   9.6548497222408169E-01
  4.4200000000000034E-01   1.0039778621164145E-04   9.6540774810012708E-01
  4.4300000000000034E-01   1.0038975591462571E-04   9.6533053015292880E-01
  4.4400000000000034E-01   1.0038172625991257E-04   9.6525331838199280E-01
  4.4500000000000034E-01   1.0037369724745069E-04   9.6517611278682514E-01
  4.4600000000000034E-01   1.0036566887718874E-04   9.6509891336693188E-01
  4.4700000000000034E-01   1.0035764114907539E-04   9.6502172012181908E-01
  4.4800000000000034E-01   1.0034961406305932E-04   9.6494453305099293E-01
  4.4900000000000034E-01   1.0034158761908925E-04   9.6486735215395947E-01
  4.5000000000000034E-01   1.0033356181711382E-04   9.6479017743022488E-01
  4.5100000000000035E-01   1.0032553665708177E-04   9.6471300887929556E-01
  4.5200000000000035E-01   1.0031751213894176E-04   9.6463584650067769E-01
  4.5300000000000035E-01   1.0030948826264255E-04   9.6455869029387764E-01
  4.5400000000000035E-01   1.0030146502813280E-04   9.6448154025840171E-01
  4.5500000000000035E-01   1.0029344243536124E-04   9.6440439639375630E-01
  4.5600000000000035E-01   1.0028542048427658E-04   9.6432725869944791E-01
  4.5700000000000035E-01   1.0027739917482758E-04   9.6425012717498304E-01
  4.5800000000000035E-01   1.0026937850696293E-04   9.6417300181986809E-01
  4.5900000000000035E-01   1.0026135848063138E-04   9.6409588263360968E-01
  4.6000000000000035E-01   1.0025333909578166E-04   9.6401876961571442E-01
  4.6100000000000035E-01   1.0024532035236252E-04   9.6394166276568893E-01
  4.6200000000000035E-01   1.0023730225032271E-04   9.6386456208303994E-01
  4.6300000000000036E-01   1.0022928478961098E-04   9.6378746756727407E-01
  4.6400000000000036E-01   1.0022126797017608E-04   9.6371037921789815E-01
  4.6500000000000036E-01   1.0021325179194816E-04   9.6363329703441525E-01
  4.6600000000000036E-01   1.0020523625489031E-04   9.6355622101633509E-01
  4.6700000000000036E-01   1.0019722135895367E-04   9.6347915116316485E-01
  4.6800000000000036E-01   1.0018920710408699E-04   9.6340208747441169E-01
  4.6900000000000036E-01   1.0018119349023895E-04   9.6332502994958247E-01
  4.7000000000000036E-01   1.0017318051735825E-04   9.6324797858818401E-01
  4.7100000000000036E-01   1.0016516818539365E-04   9.6317093338972359E-01
  4.7200000000000036E-01   1.0015715649429383E-04   9.6309389435370807E-01
  4.7300000000000036E-01   1.0014914544400752E-04   9.6301686147964460E-01
  4.7400000000000037E-01   1.0014113503448346E-04   9.6293983476704037E-01
  4.7500000000000037E-01   1.0013312526567037E-04   9.6286281421540254E-01
  4.7600000000000037E-01   1.0012511613751698E-04   9.6278579982423829E-01
  4.7700000000000037E-01   1.0011710764997204E-04   9.6270879159305489E-01
  4.7800000000000037E-01   1.0010909980298428E-04   9.6263178952135964E-01
  4.7900000000000037E-01   1.0010109259650243E-04   9.6255479360865992E-01
  4.8000000000000037E-01   1.0009308603047527E-04   9.6247780385446302E-01
  4.8100000000000037E-01   1.0008508010485153E-04   9.6240082025827645E-01
  4.8200000000000037E-01   1.0007707481957997E-04   9.6232384281960759E-01
  4.8300000000000037E-01   1.0006907017460936E-04   9.6224687153796395E-01
  4.8400000000000037E-01   1.0006106616988843E-04   9.6216990641285316E-01
  4.8500000000000038E-01   1.0005306280536598E-04   9.6209294744378271E-01
  4.8600000000000038E-01   1.0004506008099077E-04   9.6201599463026011E-01
  4.8700000000000038E-01   1.0003705799671158E-04   9.6193904797179319E-01
  4.8800000000000038E-01   1.0002905655247715E-04   9.6186210746788958E-01
  4.8900000000000038E-01   1.0002105574823631E-04   9.6178517311805700E-01
  4.9000000000000038E-01   1.0001305558393781E-04   9.6170824492180329E-01
  4.9100000000000038E-01   1.0000505605953045E-04   9.6163132287863617E-01
  4.9200000000000038E-01   9.9997057174963018E-05   9.6155440698806349E-01
  4.9300000000000038E-01   9.9989058930184308E-05   9.6147749724959319E-01
  4.9400000000000038E-01   9.9981061325143115E-05   9.6140059366273312E-01
  4.9500000000000038E-01   9.9973064359788264E-05   9.6132369622699132E-01
  4.9600000000000039E-01   9.9965068034068528E-05   9.6124680494187587E-01
  4.9700000000000039E-01   9.9957072347932731E-05   9.6116991980689470E-01
  4.9800000000000039E-01   9.9949077301329700E-05   9.6109304082155589E-01
  4.9900000000000039E-01   9.9941082894208219E-05   9.6101616798536760E-01
  5.0000000000000033E-01   9.9933089126517141E-05   9.6093930129783811E-01
  5.0100000000000033E-01   9.9925095998205265E-05   9.6086244075847538E-01
  5.0200000000000033E-01   9.9917103509221430E-05   9.6078558636678790E-01
  5.0300000000000034E-01   9.9909111659514475E-05   9.6070873812228386E-01
  5.0400000000000034E-01   9.9901120449033212E-05   9.6063189602447152E-01
  5.0500000000000034E-01   9.9893129877726494E-05   9.6055506007285929E-01
  5.0600000000000034E-01   9.9885139945543160E-05   9.6047823026695567E-01
  5.0700000000000034E-01   9.9877150652440629E-05   9.6040140660626716E-01
  5.0800000000000034E-01   9.9869161998361884E-05   9.6032458909030372E-01
  5.0900000000000034E-01   9.9861173983254017E-05   9.6024777771857395E-01
  5.1000000000000034E-01   9.9853186607065908E-05   9.6017097249058658E-01
  5.1100000000000034E-01   9.9845199869746462E-05   9.6009417340585013E-01
  5.1200000000000034E-01   9.9837213771244575E-05   9.6001738046387319E-01
  5.1300000000000034E-01   9.9829228311509139E-05   9.5994059366416462E-01
  5.1400000000000035E-01   9.9821243490489089E-05   9.5986381300623291E-01
  5.1500000000000035E-01   9.9813259308133317E-05   9.5978703848958691E-01
  5.1600000000000035E-01   9.9805275764390758E-05   9.5971027011373544E-01
  5.1700000000000035E-01   9.9797292859210305E-05   9.5963350787818735E-01
  5.1800000000000035E-01   9.9789310592540906E-05   9.5955675178245137E-01
  5.1900000000000035E-01   9.9781328964331482E-05   9.5948000182603654E-01
  5.2000000000000035E-01   9.9773347974530966E-05   9.5940325800845172E-01
  5.2100000000000035E-01   9.9765367623088280E-05   9.5932652032920596E-01
  5.2200000000000035E-01   9.9757387909952397E-05   9.5924978878780831E-01
  5.2300000000000035E-01   9.9749408835072238E-05   9.5917306338376773E-01
  5.2400000000000035E-01   9.9741430398396765E-05   9.5909634411659350E-01
  5.2500000000000036E-01   9.9733452599874925E-05   9.5901963098579457E-01
  5.2600000000000036E-01   9.9725475439455680E-05   9.5894292399088032E-01
  5.2700000000000036E-01   9.9717498917087976E-05   9.5886622313135983E-01
  5.2800000000000036E-01   9.9709523032720802E-05   9.5878952840674236E-01
  5.2900000000000036E-01   9.9701547786303120E-05   9.5871283981653721E-01
  5.3000000000000036E-01   9.9693573177783904E-05   9.5863615736025387E-01
  5.3100000000000036E-01   9.9685599207112143E-05   9.5855948103740163E-01
  5.3200000000000036E-01   9.9677625874236797E-05   9.5848281084748987E-01
  5.3300000000000036E-01   9.9669653179106869E-05   9.5840614679002811E-01
  5.3400000000000036E-01   9.9661681121671346E-05   9.5832948886452585E-01
  5.3500000000000036E-01   9.9653709701879217E-05   9.5825283707049258E-01
  5.3600000000000037E-01   9.9645738919679485E-05   9.5817619140743793E-01
  5.3700000000000037E-01   9.9637768775021163E-05   9.5809955187487139E-01
  5.3800000000000037E-01   9.9629799267853255E-05   9.5802291847230292E-01
  5.3900000000000037E-01   9.9621830398124775E-05   9.5794629119924191E-01
  5.4000000000000037E-01   9.9613862165784725E-05   9.5786967005519819E-01
  5.4100000000000037E-01   9.9605894570782135E-05   9.5779305503968160E-01
  5.4200000000000037E-01   9.9597927613066019E-05   9.5771644615220186E-01
  5.4300000000000037E-01   9.9589961292585434E-05   9.5763984339226893E-01
  5.4400000000000037E-01   9.9581995609289382E-05   9.5756324675939264E-01
  5.4500000000000037E-01   9.9574030563126905E-05   9.5748665625308305E-01
  5.4600000000000037E-01   9.9566066154047059E-05   9.5741007187284988E-01
  5.4700000000000037E-01   9.9558102381998873E-05   9.5733349361820330E-01
  5.4800000000000038E-01   9.9550139246931416E-05   9.5725692148865338E-01
  5.4900000000000038E-01   9.9542176748793732E-05   9.5718035548370872E-01
  5.5000000000000038E-01   9.9534214887534876E-05   9.5710379560288039E-01
  5.5100000000000038E-01   9.9526253663103931E-05   9.5702724184567900E-01
  5.5200000000000038E-01   9.9518293075449927E-05   9.5695069421161461E-01
  5.5300000000000038E-01   9.9510333124521946E-05   9.5687415270019749E-01
  5.5400000000000038E-01   9.9502373810269086E-05   9.5679761731093804E-01
  5.5500000000000038E-01   9.9494415132640388E-05   9.5672108804334643E-01
  5.5600000000000038E-01   9.9486457091584949E-05   9.5664456489693306E-01
  5.5700000000000038E-01   9.9478499687051866E-05   9.5656804787120842E-01
  5.5800000000000038E-01   9.9470542918990209E-05   9.5649153696568290E-01
  5.5900000000000039E-01   9.9462586787349102E-05   9.5641503217986690E-01
  5.6000000000000039E-01   9.9454631292077614E-05   9.5633853351327114E-01
  5.6100000000000039E-01   9.9446676433124869E-05   9.5626204096540590E-01
  5.6200000000000039E-01   9.9438722210439963E-05   9.5618555453578202E-01
  5.6300000000000039E-01   9.9430768623972007E-05   9.5610907422391000E-01
  5.6400000000000039E-01   9.9422815673670139E-05   9.5603260002930057E-01
  5.6500000000000039E-01   9.9414863359483440E-05   9.5595613195146445E-01
  5.6600000000000039E-01   9.9406911681361064E-05   9.5587966998991236E-01
  5.6700000000000039E-01   9.9398960639252132E-05   9.5580321414415514E-01
  5.6800000000000039E-01   9.9391010233105769E-05   9.5572676441370352E-01
  5.6900000000000039E-01   9.9383060462871113E-05   9.5565032079806844E-01
  5.7000000000000040E-01   9.9375111328497314E-05   9.5557388329676085E-01
  5.7100000000000040E-01   9.9367162829933509E-05   9.5549745190929170E-01
  5.7200000000000040E-01   9.9359214967128837E-05   9.5542102663517192E-01
  5.7300000000000040E-01   9.9351267740032474E-05   9.5534460747391259E-01
  5.7400000000000040E-01   9.9343321148593573E-05   9.5526819442502475E-01
  5.7500000000000040E-01   9.9335375192761269E-05   9.5519178748801947E-01
  5.7600000000000040E-01   9.9327429872484756E-05   9.5511538666240792E-01
  5.7700000000000040E-01   9.9319485187713196E-05   9.5503899194770137E-01
  5.7800000000000040E-01   9.9311541138395756E-05   9.5496260334341099E-01
  5.7900000000000040E-01   9.9303597724481612E-05   9.5488622084904806E-01
  5.8000000000000040E-01   9.9295654945919971E-05   9.5480984446412376E-01
  5.8100000000000041E-01   9.9287712802659982E-05   9.5473347418814969E-01
  5.8200000000000041E-01   9.9279771294650865E-05   9.5465711002063691E-01
  5.8300000000000041E-01   9.9271830421841797E-05   9.5458075196109715E-01
  5.8400000000000041E-01   9.9263890184181984E-05   9.5450440000904169E-01
  5.8500000000000041E-01   9.9255950581620631E-05   9.5442805416398213E-01
  5.8600000000000041E-01   9.9248011614106943E-05   9.5435171442542988E-01
  5.8700000000000041E-01   9.9240073281590125E-05   9.5427538079289664E-01
  5.8800000000000041E-01   9.9232135584019396E-05   9.5419905326589394E-01
  5.8900000000000041E-01   9.9224198521343974E-05   9.5412273184393359E-01
  5.9000000000000041E-01   9.9216262093513091E-05   9.5404641652652711E-01
  5.9100000000000041E-01   9.9208326300474680E-05   9.5397010731318477E-01
  5.9200000000000041E-01   9.9200391142178609E-05   9.5389380420341896E-01
  5.9300000000000042E-01   9.9192456618574598E-05   9.5381750719674219E-01
  5.9400000000000042E-01   9.9184522729611879E-05   9.5374121629266639E-01
  5.9500000000000042E-01   9.9176589475239699E-05   9.5366493149070342E-01
  5.9600000000000042E-01   9.9168656855407289E-05   9.5358865279036509E-01
  5.9700000000000042E-01   9.9160724870063922E-05   9.5351238019116358E-01
  5.9800000000000042E-01   9.9152793519158817E-05   9.5343611369261061E-01
  5.9900000000000042E-01   9.9144862802641248E-05   9.5335985329421846E-01
  6.0000000000000042E-01   9.9136932720460459E-05   9.5328359899549919E-01
  6.0100000000000042E-01   9.9129003272565723E-05   9.5320735079596486E-01
  6.0200000000000042E-01   9.9121074458906314E-05   9.5313110869512752E-01
  6.0300000000000042E-01   9.9113146279431477E-05   9.5305487269249956E-01
  6.0400000000000043E-01   9.9105218734090513E-05   9.5297864278759314E-01
  6.0500000000000043E-01   9.9097291822832680E-05   9.5290241897992056E-01
  6.0600000000000043E-01   9.9089365545607265E-05   9.5282620126899409E-01
  6.0700000000000043E-01   9.9081439902363568E-05   9.5274998965432611E-01
  6.0800000000000043E-01   9.9073514893050876E-05   9.5267378413542902E-01
  6.0900000000000043E-01   9.9065590517618475E-05   9.5259758471181533E-01
  6.1000000000000043E-01   9.9057666776015664E-05   9.5252139138299741E-01
  6.1100000000000043E-01   9.9049743668191745E-05   9.5244520414848777E-01
  6.1200000000000043E-01   9.9041821194096043E-05   9.5236902300779913E-01
  6.1300000000000043E-01   9.9033899353677846E-05   9.5229284796044378E-01
  6.1400000000000043E-01   9.9025978146886480E-05   9.5221667900593465E-01
  6.1500000000000044E-01   9.9018057573671260E-05   9.5214051614378425E-01
  6.1600000000000044E-01   9.9010137633981512E-05   9.5206435937350531E-01
  6.1700000000000044E-01   9.9002218327766563E-05   9.5198820869461065E-01
  6.1800000000000044E-01   9.8994299654975754E-05   9.5191206410661289E-01
  6.1900000000000044E-01   9.8986381615558399E-05   9.5183592560902508E-01
  6.2000000000000044E-01   9.8978464209463851E-05   9.5175979320135995E-01
  6.2100000000000044E-01   9.8970547436641451E-05   9.5168366688313044E-01
  6.2200000000000044E-01   9.8962631297040555E-05   9.5160754665384939E-01
  6.2300000000000044E-01   9.8954715790610501E-05   9.5153143251302996E-01
  6.2400000000000044E-01   9.8946800917300645E-05   9.5145532446018510E-01
  6.2500000000000044E-01   9.8938886677060354E-05   9.5137922249482798E-01
  6.2600000000000044E-01   9.8930973069838996E-05   9.5130312661647143E-01
  6.2700000000000045E-01   9.8923060095585925E-05   9.5122703682462884E-01
  6.2800000000000045E-01   9.8915147754250523E-05   9.5115095311881326E-01
  6.2900000000000045E-01   9.8907236045782171E-05   9.5107487549853786E-01
  6.3000000000000045E-01   9.8899324970130236E-05   9.5099880396331615E-01
  6.3100000000000045E-01   9.8891414527244099E-05   9.5092273851266118E-01
  6.3200000000000045E-01   9.8883504717073170E-05   9.5084667914608645E-01
  6.3300000000000045E-01   9.8875595539566871E-05   9.5077062586310346E-01
  6.3400000000000045E-01   9.8867686994674595E-05   9.5069457866322638E-01
  6.3500000000000045E-01   9.8859779082345712E-05   9.5061853754596937E-01
  6.3600000000000045E-01   9.8851871802529628E-05   9.5054250251084615E-01
  6.3700000000000045E-01   9.8843965155175740E-05   9.5046647355737002E-01
  6.3800000000000046E-01   9.8836059140233469E-05   9.5039045068505468E-01
  6.3900000000000046E-01   9.8828153757652223E-05   9.5031443389341363E-01
  6.4000000000000046E-01   9.8820249007381452E-05   9.5023842318196061E-01
  6.4100000000000046E-01   9.8812344889370537E-05   9.5016241855020933E-01
  6.4200000000000046E-01   9.8804441403568940E-05   9.5008641999767329E-01
  6.4300000000000046E-01   9.8796538549926098E-05   9.5001042752386655E-01
  6.4400000000000046E-01   9.8788636328391418E-05   9.4993444112830261E-01
  6.4500000000000046E-01   9.8780734738914349E-05   9.4985846081049552E-01
  6.4600000000000046E-01   9.8772833781444355E-05   9.4978248656995912E-01
  6.4700000000000046E-01   9.8764933455930883E-05   9.4970651840620723E-01
  6.4800000000000046E-01   9.8757033762323358E-05   9.4963055631875382E-01
  6.4900000000000047E-01   9.8749134700571267E-05   9.4955460030711303E-01
  6.5000000000000047E-01   9.8741236270624073E-05   9.4947865037079870E-01
  6.5100000000000047E-01   9.8733338472431213E-05   9.4940270650932501E-01
  6.5200000000000047E-01   9.8725441305942175E-05   9.4932676872220612E-01
  6.5300000000000047E-01   9.8717544771106437E-05   9.4925083700895596E-01
  6.5400000000000047E-01   9.8709648867873474E-05   9.4917491136908905E-01
  6.5500000000000047E-01   9.8701753596192762E-05   9.4909899180211932E-01
  6.5600000000000047E-01   9.8693858956013777E-05   9.4902307830756105E-01
  6.5700000000000047E-01   9.8685964947286037E-05   9.4894717088492875E-01
  6.5800000000000047E-01   9.8678071569959018E-05   9.4887126953373668E-01
  6.5900000000000047E-01   9.8670178823982209E-05   9.4879537425349914E-01
  6.6000000000000048E-01   9.8662286709305126E-05   9.4871948504373071E-01
  6.6100000000000048E-01   9.8654395225877275E-05   9.4864360190394570E-01
  6.6200000000000048E-01   9.8646504373648170E-05   9.4856772483365859E-01
  6.6300000000000048E-01   9.8638614152567303E-05   9.4849185383238399E-01
  6.6400000000000048E-01   9.8630724562584216E-05   9.4841598889963663E-01
  6.6500000000000048E-01   9.8622835603648428E-05   9.4834013003493078E-01
  6.6600000000000048E-01   9.8614947275709453E-05   9.4826427723778151E-01
  6.6700000000000048E-01   9.8607059578716838E-05   9.4818843050770307E-01
  6.6800000000000048E-01   9.8599172512620097E-05   9.4811258984421065E-01
  6.6900000000000048E-01   9.8591286077368790E-05   9.4803675524681863E-01
  6.7000000000000048E-01   9.8583400272912432E-05   9.4796092671504206E-01
  6.7100000000000048E-01   9.8575515099200609E-05   9.4788510424839567E-01
  6.7200000000000049E-01   9.8567630556182836E-05   9.4780928784639451E-01
  6.7300000000000049E-01   9.8559746643808686E-05   9.4773347750855330E-01
  6.7400000000000049E-01   9.8551863362027716E-05   9.4765767323438721E-01
  6.7500000000000049E-01   9.8543980710790377E-05   9.4758187502340951E-01
  6.7600000000000049E-01   9.8536098690046091E-05   9.4750608287513571E-01
  6.7700000000000049E-01   9.8528217299743835E-05   9.4743029678908175E-01
  6.7800000000000049E-01   9.8520336539833150E-05   9.4735451676476290E-01
  6.7900000000000049E-01   9.8512456410263663E-05   9.4727874280169422E-01
  6.8000000000000049E-01   9.8504576910984944E-05   9.4720297489939087E-01
  6.8100000000000049E-01   9.8496698041946592E-05   9.4712721305736824E-01
  6.8200000000000049E-01   9.8488819803098192E-05   9.4705145727514140E-01
  6.8300000000000050E-01   9.8480942194389354E-05   9.4697570755222593E-01
  6.8400000000000050E-01   9.8473065215769692E-05   9.4689996388813691E-01
  6.8500000000000050E-01   9.8465188867188788E-05   9.4682422628238982E-01
  6.8600000000000050E-01   9.8457313148596283E-05   9.4674849473450018E-01
  6.8700000000000050E-01   9.8449438059941788E-05   9.4667276924398325E-01
  6.8800000000000050E-01   9.8441563601174914E-05   9.4659704981035475E-01
  6.8900000000000050E-01   9.8433689772245300E-05   9.4652133643313019E-01
  6.9000000000000050E-01   9.8425816573102573E-05   9.4644562911182506E-01
  6.9100000000000050E-01   9.8417944003696356E-05   9.4636992784595497E-01
  6.9200000000000050E-01   9.8410072063976302E-05   9.4629423263503576E-01
  6.9300000000000050E-01   9.8402200753892037E-05   9.4621854347858292E-01
  6.9400000000000051E-01   9.8394330073393226E-05   9.4614286037611228E-01
  6.9500000000000051E-01   9.8386460022429508E-05   9.4606718332713968E-01
  6.9600000000000051E-01   9.8378590600950536E-05   9.4599151233118084E-01
  6.9700000000000051E-01   9.8370721808905989E-05   9.4591584738775158E-01
  6.9800000000000051E-01   9.8362853646245506E-05   9.4584018849636797E-01
  6.9900000000000051E-01   9.8354986112918766E-05   9.4576453565654572E-01
  7.0000000000000051E-01   9.8347119208875436E-05   9.4568888886780100E-01
  7.0100000000000051E-01   9.8339252934065194E-05   9.4561324812964975E-01
  7.0200000000000051E-01   9.8331387288437720E-05   9.4553761344160803E-01
  7.0300000000000051E-01   9.8323522271942694E-05   9.4546198480319177E-01
  7.0400000000000051E-01   9.8315657884529809E-05   9.4538636221391736E-01
  7.0500000000000052E-01   9.8307794126148757E-05   9.4531074567330087E-01
  7.0600000000000052E-01   9.8299930996749232E-05   9.4523513518085844E-01
  7.0700000000000052E-01   9.8292068496280927E-05   9.4515953073610637E-01
  7.0800000000000052E-01   9.8284206624693561E-05   9.4508393233856092E-01
  7.0900000000000052E-01   9.8276345381936842E-05   9.4500833998773837E-01
  7.1000000000000052E-01   9.8268484767960476E-05   9.4493275368315521E-01
  7.1100000000000052E-01   9.8260624782714169E-05   9.4485717342432773E-01
  7.1200000000000052E-01   9.8252765426147669E-05   9.4478159921077243E-01
  7.1300000000000052E-01   9.8244906698210670E-05   9.4470603104200568E-01
  7.1400000000000052E-01   9.8237048598852930E-05   9.4463046891754421E-01
  7.1500000000000052E-01   9.8229191128024171E-05   9.4455491283690440E-01
  7.1600000000000052E-01   9.8221334285674127E-05   9.4447936279960287E-01
  7.1700000000000053E-01   9.8213478071748750E-05   9.4440381880515423E-01
  7.1800000000000053E-01   9.8205622486197854E-05   9.4432828085307530E-01
  7.1900000000000053E-01   9.8197767528974318E-05   9.4425274894288447E-01
  7.2000000000000053E-01   9.8189913200027863E-05   9.4417722307409835E-01
  7.2100000000000053E-01   9.8182059499308220E-05   9.4410170324623377E-01
  7.2200000000000053E-01   9.8174206426765139E-05   9.4402618945880745E-01
  7.2300000000000053E-01   9.8166353982348352E-05   9.4395068171133645E-01
  7.2400000000000053E-01   9.8158502166007634E-05   9.4387518000333748E-01
  7.2500000000000053E-01   9.8150650977692718E-05   9.4379968433432748E-01
  7.2600000000000053E-01   9.8142800417353365E-05   9.4372419470382352E-01
  7.2700000000000053E-01   9.8134950484939350E-05   9.4364871111134263E-01
  7.2800000000000054E-01   9.8127101180400420E-05   9.4357323355640177E-01
  7.2900000000000054E-01   9.8119252503686349E-05   9.4349776203851810E-01
  7.3000000000000054E-01   9.8111404454746912E-05   9.4342229655720866E-01
  7.3100000000000054E-01   9.8103557033531882E-05   9.4334683711199074E-01
  7.3200000000000054E-01   9.8095710239991048E-05   9.4327138370238139E-01
  7.3300000000000054E-01   9.8087864074074198E-05   9.4319593632789800E-01
  7.3400000000000054E-01   9.8080018535731106E-05   9.4312049498805783E-01
  7.3500000000000054E-01   9.8072173624911573E-05   9.4304505968237806E-01
  7.3600000000000054E-01   9.8064329341565401E-05   9.4296963041037629E-01
  7.3700000000000054E-01   9.8056485685642391E-05   9.4289420717156969E-01
  7.3800000000000054E-01   9.8048642657092344E-05   9.4281878996547586E-01
  7.3900000000000055E-01   9.8040800255865063E-05   9.4274337879161219E-01
  7.4000000000000055E-01   9.8032958481910362E-05   9.4266797364949617E-01
  7.4100000000000055E-01   9.8025117335178070E-05   9.4259257453864553E-01
  7.4200000000000055E-01   9.8017276815618001E-05   9.4251718145857766E-01
  7.4300000000000055E-01   9.8009436923179972E-05   9.4244179440881037E-01
  7.4400000000000055E-01   9.8001597657813836E-05   9.4236641338886118E-01
  7.4500000000000055E-01   9.7993759019469396E-05   9.4229103839824779E-01
  7.4600000000000055E-01   9.7985921008096507E-05   9.4221566943648816E-01
  7.4700000000000055E-01   9.7978083623645012E-05   9.4214030650309988E-01
  7.4800000000000055E-01   9.7970246866064739E-05   9.4206494959760079E-01
  7.4900000000000055E-01   9.7962410735305557E-05   9.4198959871950894E-01
  7.5000000000000056E-01   9.7954575231317309E-05   9.4191425386834204E-01
  7.5100000000000056E-01   9.7946740354049863E-05   9.4183891504361805E-01
  7.5200000000000056E-01   9.7938906103453062E-05   9.4176358224485501E-01
  7.5300000000000056E-01   9.7931072479476788E-05   9.4168825547157098E-01
  7.5400000000000056E-01   9.7923239482070897E-05   9.4161293472328389E-01
  7.5500000000000056E-01   9.7915407111185272E-05   9.4153761999951202E-01
  7.5600000000000056E-01   9.7907575366769795E-05   9.4146231129977342E-01
  7.5700000000000056E-01   9.7899744248774336E-05   9.4138700862358615E-01
  7.5800000000000056E-01   9.7891913757148778E-05   9.4131171197046859E-01
  7.5900000000000056E-01   9.7884083891843030E-05   9.4123642133993901E-01
  7.6000000000000056E-01   9.7876254652806962E-05   9.4116113673151558E-01
  7.6100000000000056E-01   9.7868426039990496E-05   9.4108585814471668E-01
  7.6200000000000057E-01   9.7860598053343517E-05   9.4101058557906070E-01
  7.6300000000000057E-01   9.7852770692815933E-05   9.4093531903406602E-01
  7.6400000000000057E-01   9.7844943958357654E-05   9.4086005850925114E-01
  7.6500000000000057E-01   9.7837117849918604E-05   9.4078480400413456E-01
  7.6600000000000057E-01   9.7829292367448693E-05   9.4070955551823465E-01
  7.6700000000000057E-01   9.7821467510897844E-05   9.4063431305107026E-01
  7.6800000000000057E-01   9.7813643280215981E-05   9.4055907660215965E-01
  7.6900000000000057E-01   9.7805819675353040E-05   9.4048384617102176E-01
  7.7000000000000057E-01   9.7797996696258958E-05   9.4040862175717521E-01
  7.7100000000000057E-01   9.7790174342883673E-05   9.4033340336013860E-01
  7.7200000000000057E-01   9.7782352615177108E-05   9.4025819097943075E-01
  7.7300000000000058E-01   9.7774531513089241E-05   9.4018298461457050E-01
  7.7400000000000058E-01   9.7766711036570008E-05   9.4010778426507657E-01
  7.7500000000000058E-01   9.7758891185569359E-05   9.4003258993046801E-01
  7.7600000000000058E-01   9.7751071960037260E-05   9.3995740161026364E-01
  7.7700000000000058E-01   9.7743253359923674E-05   9.3988221930398252E-01
  7.7800000000000058E-01   9.7735435385178565E-05   9.3980704301114348E-01
  7.7900000000000058E-01   9.7727618035751924E-05   9.3973187273126557E-01
  7.8000000000000058E-01   9.7719801311593689E-05   9.3965670846386806E-01
  7.8100000000000058E-01   9.7711985212653877E-05   9.3958155020846978E-01
  7.8200000000000058E-01   9.7704169738882453E-05   9.3950639796459012E-01
  7.8300000000000058E-01   9.7696354890229408E-05   9.3943125173174813E-01
  7.8400000000000059E-01   9.7688540666644746E-05   9.3935611150946308E-01
  7.8500000000000059E-01   9.7680727068078703E-05   9.3928097729725402E-01
  7.8600000000000059E-01   9.7672914094490743E-05   9.3920584909463112E-01
  7.8700000000000059E-01   9.7665101745821804E-05   9.3913072690112231E-01
  7.8800000000000059E-01   9.7657290022021891E-05   9.3905561071624721E-01
  7.8900000000000059E-01   9.7649478923041036E-05   9.3898050053952509E-01
  7.9000000000000059E-01   9.7641668448829297E-05   9.3890539637047532E-01
  7.9100000000000059E-01   9.7633858599336707E-05   9.3883029820861763E-01
  7.9200000000000059E-01   9.7626049374513311E-05   9.3875520605347129E-01
  7.9300000000000059E-01   9.7618240774309154E-05   9.3868011990455613E-01
  7.9400000000000059E-01   9.7610432798674295E-05   9.3860503976139142E-01
  7.9500000000000060E-01   9.7602625447558807E-05   9.3852996562349700E-01
  7.9600000000000060E-01   9.7594818720912749E-05   9.3845489749039257E-01
  7.9700000000000060E-01   9.7587012618686179E-05   9.3837983536159764E-01
  7.9800000000000060E-01   9.7579207140829170E-05   9.3830477923663225E-01
  7.9900000000000060E-01   9.7571402287291808E-05   9.3822972911501590E-01
  8.0000000000000060E-01   9.7563598058024193E-05   9.3815468499626864E-01
  8.0100000000000060E-01   9.7555794452976383E-05   9.3807964687991019E-01
  8.0200000000000060E-01   9.7547991472098479E-05   9.3800461476546049E-01
  8.0300000000000060E-01   9.7540189115340580E-05   9.3792958865243958E-01
  8.0400000000000060E-01   9.7532387382652785E-05   9.3785456854036742E-01
  8.0500000000000060E-01   9.7524586273985193E-05   9.3777955442876393E-01
  8.0600000000000060E-01   9.7516785789287933E-05   9.3770454631714917E-01
  8.0700000000000061E-01   9.7508985928511103E-05   9.3762954420504330E-01
  8.0800000000000061E-01   9.7501186691604830E-05   9.3755454809196648E-01
  8.0900000000000061E-01   9.7493388078519227E-05   9.3747955797743887E-01
  8.1000000000000061E-01   9.7485590089204434E-05   9.3740457386098075E-01
  8.1100000000000061E-01   9.7477792723610579E-05   9.3732959574211216E-01
  8.1200000000000061E-01   9.7469995981687787E-05   9.3725462362035361E-01
  8.1300000000000061E-01   9.7462199863386227E-05   9.3717965749522536E-01
  8.1400000000000061E-01   9.7454404368656024E-05   9.3710469736624769E-01
  8.1500000000000061E-01   9.7446609497447333E-05   9.3702974323294119E-01
  8.1600000000000061E-01   9.7438815249710308E-05   9.3695479509482615E-01
  8.1700000000000061E-01   9.7431021625395115E-05   9.3687985295142306E-01
  8.1800000000000062E-01   9.7423228624451909E-05   9.3680491680225253E-01
  8.1900000000000062E-01   9.7415436246830870E-05   9.3672998664683516E-01
  8.2000000000000062E-01   9.7407644492482180E-05   9.3665506248469144E-01
  8.2100000000000062E-01   9.7399853361355992E-05   9.3658014431534198E-01
  8.2200000000000062E-01   9.7392062853402501E-05   9.3650523213830761E-01
  8.2300000000000062E-01   9.7384272968571901E-05   9.3643032595310893E-01
  8.2400000000000062E-01   9.7376483706814387E-05   9.3635542575926667E-01
  8.2500000000000062E-01   9.7368695068080139E-05   9.3628053155630175E-01
  8.2600000000000062E-01   9.7360907052319366E-05   9.3620564334373502E-01
  8.2700000000000062E-01   9.7353119659482289E-05   9.3613076112108717E-01
  8.2800000000000062E-01   9.7345332889519102E-05   9.3605588488787916E-01
  8.2900000000000063E-01   9.7337546742380028E-05   9.3598101464363215E-01
  8.3000000000000063E-01   9.7329761218015274E-05   9.3590615038786684E-01
  8.3100000000000063E-01   9.7321976316375088E-05   9.3583129212010441E-01
  8.3200000000000063E-01   9.7314192037409680E-05   9.3575643983986589E-01
  8.3300000000000063E-01   9.7306408381069297E-05   9.3568159354667246E-01
  8.3400000000000063E-01   9.7298625347304175E-05   9.3560675324004516E-01
  8.3500000000000063E-01   9.7290842936064548E-05   9.3553191891950527E-01
  8.3600000000000063E-01   9.7283061147300666E-05   9.3545709058457382E-01
  8.3700000000000063E-01   9.7275279980962805E-05   9.3538226823477233E-01
  8.3800000000000063E-01   9.7267499437001198E-05   9.3530745186962194E-01
  8.3900000000000063E-01   9.7259719515366109E-05   9.3523264148864393E-01
  8.4000000000000064E-01   9.7251940216007814E-05   9.3515783709135980E-01
  8.4100000000000064E-01   9.7244161538876587E-05   9.3508303867729092E-01
  8.4200000000000064E-01   9.7236383483922692E-05   9.3500824624595880E-01
  8.4300000000000064E-01   9.7228606051096432E-05   9.3493345979688480E-01
  8.4400000000000064E-01   9.7220829240348067E-05   9.3485867932959055E-01
  8.4500000000000064E-01   9.7213053051627902E-05   9.3478390484359752E-01
  8.4600000000000064E-01   9.7205277484886226E-05   9.3470913633842745E-01
  8.4700000000000064E-01   9.7197502540073341E-05   9.3463437381360193E-01
  8.4800000000000064E-01   9.7189728217139565E-05   9.3455961726864256E-01
  8.4900000000000064E-01   9.7181954516035199E-05   9.3448486670307129E-01
  8.5000000000000064E-01   9.7174181436710547E-05   9.3441012211640961E-01
  8.5100000000000064E-01   9.7166408979115938E-05   9.3433538350817946E-01
  8.5200000000000065E-01   9.7158637143201690E-05   9.3426065087790267E-01
  8.5300000000000065E-01   9.7150865928918146E-05   9.3418592422510105E-01
  8.5400000000000065E-01   9.7143095336203384E-05   9.3411120354929311E-01
  8.5500000000000065E-01   9.7135325365007178E-05   9.3403648885000057E-01
  8.5600000000000065E-01   9.7127556015290769E-05   9.3396178012674858E-01
  8.5700000000000065E-01   9.7119787287004432E-05   9.3388707737905918E-01
  8.5800000000000065E-01   9.7112019180098402E-05   9.3381238060645433E-01
  8.5900000000000065E-01   9.7104251694522995E-05   9.3373768980845617E-01
  8.6000000000000065E-01   9.7096484830228461E-05   9.3366300498458676E-01
  8.6100000000000065E-01   9.7088718587165089E-05   9.3358832613436837E-01
  8.6200000000000065E-01   9.7080952965283168E-05   9.3351365325732316E-01
  8.6300000000000066E-01   9.7073187964532973E-05   9.3343898635297340E-01
  8.6400000000000066E-01   9.7065423584864809E-05   9.3336432542084125E-01
  8.6500000000000066E-01   9.7057659826228949E-05   9.3328967046044908E-01
  8.6600000000000066E-01   9.7049896688575712E-05   9.3321502147131918E-01
  8.6700000000000066E-01   9.7042134171855372E-05   9.3314037845297415E-01
  8.6800000000000066E-01   9.7034372276018233E-05   9.3306574140493626E-01
  8.6900000000000066E-01   9.7026611001014610E-05   9.3299111032672799E-01
  8.7000000000000066E-01   9.7018850346794808E-05   9.3291648521787185E-01
  8.7100000000000066E-01   9.7011090313309128E-05   9.3284186607789032E-01
  8.7200000000000066E-01   9.7003330900507888E-05   9.3276725290630613E-01
  8.7300000000000066E-01   9.6995572108341389E-05   9.3269264570264176E-01
  8.7400000000000067E-01   9.6987813936759963E-05   9.3261804446641994E-01
  8.7500000000000067E-01   9.6980056385713938E-05   9.3254344919716337E-01
  8.7600000000000067E-01   9.6972299455153605E-05   9.3246885989439476E-01
  8.7700000000000067E-01   9.6964543145029321E-05   9.3239427655763685E-01
  8.7800000000000067E-01   9.6956787455291401E-05   9.3231969918641255E-01
  8.7900000000000067E-01   9.6949032385890163E-05   9.3224512778024460E-01
  8.8000000000000067E-01   9.6941277936775963E-05   9.3217056233865592E-01
  8.8100000000000067E-01   9.6933524107899118E-05   9.3209600286116945E-01
  8.8200000000000067E-01   9.6925770899209985E-05   9.3202144934730813E-01
  8.8300000000000067E-01   9.6918018310658893E-05   9.3194690179659490E-01
  8.8400000000000067E-01   9.6910266342196188E-05   9.3187236020855291E-01
  8.8500000000000068E-01   9.6902514993772211E-05   9.3179782458270521E-01
  8.8600000000000068E-01   9.6894764265337320E-05   9.3172329491857486E-01
  8.8700000000000068E-01   9.6887014156841859E-05   9.3164877121568512E-01
  8.8800000000000068E-01   9.6879264668236185E-05   9.3157425347355904E-01
  8.8900000000000068E-01   9.6871515799470655E-05   9.3149974169171990E-01
  8.9000000000000068E-01   9.6863767550495625E-05   9.3142523586969095E-01
  8.9100000000000068E-01   9.6856019921261468E-05   9.3135073600699558E-01
  8.9200000000000068E-01   9.6848272911718525E-05   9.3127624210315707E-01
  8.9300000000000068E-01   9.6840526521817181E-05   9.3120175415769879E-01
  8.9400000000000068E-01   9.6832780751507808E-05   9.3112727217014413E-01
  8.9500000000000068E-01   9.6825035600740762E-05   9.3105279614001657E-01
  8.9600000000000068E-01   9.6817291069466427E-05   9.3097832606683961E-01
  8.9700000000000069E-01   9.6809547157635160E-05   9.3090386195013686E-01
  8.9800000000000069E-01   9.6801803865197373E-05   9.3082940378943169E-01
  8.9900000000000069E-01   9.6794061192103422E-05   9.3075495158424792E-01
  9.0000000000000069E-01   9.6786319138303693E-05   9.3068050533410906E-01
  9.0100000000000069E-01   9.6778577703748582E-05   9.3060606503853882E-01
  9.0200000000000069E-01   9.6770836888388474E-05   9.3053163069706091E-01
  9.0300000000000069E-01   9.6763096692173740E-05   9.3045720230919915E-01
  9.0400000000000069E-01   9.6755357115054804E-05   9.3038277987447737E-01
  9.0500000000000069E-01   9.6747618157004642E-05   9.3030836339241985E-01
  9.0600000000000069E-01   9.6739879817958963E-05   9.3023395286255017E-01
  9.0700000000000069E-01   9.6732142097862673E-05   9.3015954828439207E-01
  9.0800000000000070E-01   9.6724404996666267E-05   9.3008514965746958E-01
  9.0900000000000070E-01   9.6716668514320250E-05   9.3001075698130653E-01
  9.1000000000000070E-01   9.6708932650775142E-05   9.2993637025542708E-01
  9.1100000000000070E-01   9.6701197405981435E-05   9.2986198947935528E-01
  9.1200000000000070E-01   9.6693462779889663E-05   9.2978761465261517E-01
  9.1300000000000070E-01   9.6685728772450332E-05   9.2971324577473091E-01
  9.1400000000000070E-01   9.6677995383613990E-05   9.2963888284522667E-01
  9.1500000000000070E-01   9.6670262613331154E-05   9.2956452586362670E-01
  9.1600000000000070E-01   9.6662530461552346E-05   9.2949017482945528E-01
  9.1700000000000070E-01   9.6654798928228126E-05   9.2941582974223658E-01
  9.1800000000000070E-01   9.6647068013309040E-05   9.2934149060149507E-01
  9.1900000000000071E-01   9.6639337716745608E-05   9.2926715740675503E-01
  9.2000000000000071E-01   9.6631608038488405E-05   9.2919283015754084E-01
  9.2100000000000071E-01   9.6623878978487990E-05   9.2911850885337710E-01
  9.2200000000000071E-01   9.6616150536694910E-05   9.2904419349378808E-01
  9.2300000000000071E-01   9.6608422713059753E-05   9.2896988407829850E-01
  9.2400000000000071E-01   9.6600695507533053E-05   9.2889558060643274E-01
  9.2500000000000071E-01   9.6592968920065423E-05   9.2882128307771550E-01
  9.2600000000000071E-01   9.6585242950607424E-05   9.2874699149167139E-01
  9.2700000000000071E-01   9.6577517599109644E-05   9.2867270584782513E-01
  9.2800000000000071E-01   9.6569792865522670E-05   9.2859842614570132E-01
  9.2900000000000071E-01   9.6562068749797103E-05   9.2852415238482477E-01
  9.3000000000000071E-01   9.6554345251883530E-05   9.2844988456472033E-01
  9.3100000000000072E-01   9.6546622371732567E-05   9.2837562268491258E-01
  9.3200000000000072E-01   9.6538900109294801E-05   9.2830136674492669E-01
  9.3300000000000072E-01   9.6531178464520859E-05   9.2822711674428737E-01
  9.3400000000000072E-01   9.6523457437361343E-05   9.2815287268251956E-01
  9.3500000000000072E-01   9.6515737027766895E-05   9.2807863455914830E-01
  9.3600000000000072E-01   9.6508017235688129E-05   9.2800440237369863E-01
  9.3700000000000072E-01   9.6500298061075673E-05   9.2793017612569551E-01
  9.3800000000000072E-01   9.6492579503880169E-05   9.2785595581466407E-01
  9.3900000000000072E-01   9.6484861564052245E-05   9.2778174144012937E-01
  9.4000000000000072E-01   9.6477144241542557E-05   9.2770753300161668E-01
  9.4100000000000072E-01   9.6469427536301745E-05   9.2763333049865104E-01
  9.4200000000000073E-01   9.6461711448280466E-05   9.2755913393075784E-01
  9.4300000000000073E-01   9.6453995977429375E-05   9.2748494329746234E-01
  9.4400000000000073E-01   9.6446281123699140E-05   9.2741075859828981E-01
  9.4500000000000073E-01   9.6438566887040430E-05   9.2733657983276563E-01
  9.4600000000000073E-01   9.6430853267403900E-05   9.2726240700041518E-01
  9.4700000000000073E-01   9.6423140264740247E-05   9.2718824010076384E-01
  9.4800000000000073E-01   9.6415427879000139E-05   9.2711407913333710E-01
  9.4900000000000073E-01   9.6407716110134259E-05   9.2703992409766045E-01
  9.5000000000000073E-01   9.6400004958093315E-05   9.2696577499325949E-01
  9.5100000000000073E-01   9.6392294422827991E-05   9.2689163181965983E-01
  9.5200000000000073E-01   9.6384584504288995E-05   9.2681749457638696E-01
  9.5300000000000074E-01   9.6376875202427024E-05   9.2674336326296658E-01
  9.5400000000000074E-01   9.6369166517192787E-05   9.2666923787892430E-01
  9.5500000000000074E-01   9.6361458448536276E-05   9.2659511842378617E-01
  9.5600000000000074E-01   9.6353750996399268E-05   9.2652100489708056E-01
  9.5700000000000074E-01   9.6346044160741296E-05   9.2644689729833063E-01
  9.5800000000000074E-01   9.6338337941513055E-05   9.2637279562706221E-01
  9.5900000000000074E-01   9.6330632338665256E-05   9.2629869988280134E-01
  9.6000000000000074E-01   9.6322927352148594E-05   9.2622461006507384E-01
  9.6100000000000074E-01   9.6315222981913765E-05   9.2615052617340565E-01
  9.6200000000000074E-01   9.6307519227911492E-05   9.2607644820732293E-01
  9.6300000000000074E-01   9.6299816090092484E-05   9.2600237616635150E-01
  9.6400000000000075E-01   9.6292113568407464E-05   9.2592831005001763E-01
  9.6500000000000075E-01   9.6284411662807143E-05   9.2585424985784726E-01
  9.6600000000000075E-01   9.6276710373242256E-05   9.2578019558936675E-01
  9.6700000000000075E-01   9.6269009699663527E-05   9.2570614724410216E-01
  9.6800000000000075E-01   9.6261309642021705E-05   9.2563210482157976E-01
  9.6900000000000075E-01   9.6253610200267500E-05   9.2555806832132570E-01
  9.7000000000000075E-01   9.6245911374351662E-05   9.2548403774286647E-01
  9.7100000000000075E-01   9.6238213164224955E-05   9.2541001308572834E-01
  9.7200000000000075E-01   9.6230515569838116E-05   9.2533599434943770E-01
  9.7300000000000075E-01   9.6222818591141894E-05   9.2526198153352091E-01
  9.7400000000000075E-01   9.6215122228087053E-05   9.2518797463750457E-01
  9.7500000000000075E-01   9.6207426480624357E-05   9.2511397366091497E-01
  9.7600000000000076E-01   9.6199731348704570E-05   9.2503997860327880E-01
  9.7700000000000076E-01   9.6192036832278455E-05   9.2496598946412256E-01
  9.7800000000000076E-01   9.6184342931296789E-05   9.2489200624297296E-01
  9.7900000000000076E-01   9.6176649645710364E-05   9.2481802893935650E-01
  9.8000000000000076E-01   9.6168956975469929E-05   9.2474405755279998E-01
  9.8100000000000076E-01   9.6161264920526302E-05   9.2467009208283002E-01
  9.8200000000000076E-01   9.6153573480830260E-05   9.2459613252897355E-01
  9.8300000000000076E-01   9.6145882656332595E-05   9.2452217889075716E-01
  9.8400000000000076E-01   9.6138192446984110E-05   9.2444823116770780E-01
  9.8500000000000076E-01   9.6130502852735596E-05   9.2437428935935240E-01
  9.8600000000000076E-01   9.6122813873537871E-05   9.2430035346521777E-01
  9.8700000000000077E-01   9.6115125509341727E-05   9.2422642348483086E-01
  9.8800000000000077E-01   9.6107437760098007E-05   9.2415249941771871E-01
  9.8900000000000077E-01   9.6099750625757503E-05   9.2407858126340836E-01
  9.9000000000000077E-01   9.6092064106271047E-05   9.2400466902142686E-01
  9.9100000000000077E-01   9.6084378201589455E-05   9.2393076269130125E-01
  9.9200000000000077E-01   9.6076692911663573E-05   9.2385686227255870E-01
  9.9300000000000077E-01   9.6069008236444219E-05   9.2378296776472635E-01
  9.9400000000000077E-01   9.6061324175882238E-05   9.2370907916733158E-01
  9.9500000000000077E-01   9.6053640729928461E-05   9.2363519647990144E-01
  9.9600000000000077E-01   9.6045957898533761E-05   9.2356131970196342E-01
  9.9700000000000077E-01   9.6038275681648955E-05   9.2348744883304468E-01
  9.9800000000000078E-01   9.6030594079224915E-05   9.2341358387267258E-01
  9.9900000000000078E-01   9.6022913091212486E-05   9.2333972482037463E-01
  1.0000000000000000E+00   9.6015232717562555E-05   9.2326587167567831E-01
